Emoji: rolling_on_the_floor_laughing
3,3,3,3,3,3,3,3,3,3,3,3,3,3,3,3,3,3,3,3,3,3,3,3,3,3,3,3,3,3,3,3,3,3,3,1,1,1,1,1,4,3,8,8,5,5,5,5,3,3,3,3,3,3,3,3,3,3,3,3,3,3,3,3,3,3,3,3,3,3,3,3,3,3,3,3,3,3,3,3,3,3,3,1,1,1,1,1,1,1,1,1,8,4,4,3,8,3,3,3,3,3,4,3,1,4,1,1,1,1,1,4,3,8,1,4,8,1,1,1,1,4,1,4,1,4,1,4,1,1,4,1,1,4,1,1,1,1,1,4,1,1,1,1,1,1,1,1,1,1,8,1,1,1,1,8,1,1,8,1,1,8,1,1,8,1,8,8,1,8,8,1,1,7,8,1,8,8,8,8,8,7,8,8,8,7,8,1,1,1,1,1,1,1,1,1,1,7,7,7,7,7,7,7,7,7,7,7,7,7,7,7,7,7,7,7,7,7,7,7,7,7,7,7,7,7,7,7,7,7,7,7,12,7,8,7,7,7,7,7,7,7,7,7,7,7,7,7,7,7,7,7,7,7,7,7,7,7,7,7,7,7,7,7,7,7,7,7,7,7,5,5,5,5,5,5,5,5,5,5,5,5,5,5,5,5,5,5,5,5,5,5,5,5,5,5,5,5,5,5,5,5,5,5,5,5,5,5,5,5,5,5,5,5,5,5,5,5,5,5,5,5,5,5,5,5,5,5,5,5,5,5,5,5,5,5,5,5,5,5,5,5,5,5,5,5,5,5,5,5,5,5,5,5,5,5,5,5,5,5,5,5,5,5,5,5,5,5
Emoji: sleeping
3,3,3,3,3,3,3,3,3,3,3,3,3,3,3,3,3,3,3,3,3,3,3,3,3,3,3,3,3,3,3,3,3,3,3,3,3,3,3,3,3,3,3,3,3,3,3,3,3,3,3,3,3,3,3,3,3,3,3,3,3,3,3,3,3,3,3,3,3,3,3,3,3,3,3,1,1,1,1,1,1,1,1,8,1,4,4,4,4,3,4,4,4,4,4,4,4,1,4,4,1,4,4,1,4,1,4,1,1,4,1,1,4,1,1,4,1,1,1,1,1,1,1,1,1,1,1,1,1,1,1,1,1,1,8,1,1,1,8,1,1,8,1,1,8,8,1,8,1,1,8,1,7,8,1,7,8,1,8,8,7,8,1,7,8,1,7,8,1,12,8,1,1,1,1,1,1,1,1,1,1,1,7,7,7,7,7,7,7,7,7,7,7,7,7,7,7,7,7,7,7,7,7,7,7,7,7,7,7,7,7,7,7,7,7,7,7,7,7,7,7,7,7,7,7,7,7,7,7,7,7,7,7,7,7,7,7,7,7,7,7,7,7,7,7,7,7,7,7,7,7,7,7,7,7,7,5,5,5,5,5,5,5,5,5,5,5,5,5,5,5,5,5,5,5,5,5,5,5,5,5,5,5,5,5,5,5,5,5,5,5,5,5,5,5,5,5,5,5,5,5,5,5,5,5,5,5,5,5,5,5,5,5,5,5,5,5,5,5,5,5,5,5,5,5,5,5,5,5,5,5,5,5,5,5,5,5,5,5,5,5,5,5,5,5,5,5,5,5,5,5,5,5,5
Emoji: sleepy
3,3,3,3,3,3,3,3,3,3,3,3,3,3,3,3,3,3,3,3,3,3,3,3,3,3,3,3,3,3,3,3,3,3,3,3,3,3,3,3,3,3,3,3,3,3,3,3,3,3,3,3,3,3,3,3,3,3,3,3,3,3,3,3,3,3,3,3,3,3,3,3,3,3,3,3,3,3,3,3,3,3,3,3,3,1,1,1,1,1,1,1,1,1,1,1,1,7,7,12,12,7,7,12,7,7,7,7,8,4,4,4,3,4,4,4,4,4,4,4,4,4,1,4,4,1,4,1,4,1,4,1,4,1,1,4,1,1,4,1,1,1,1,4,1,1,1,1,1,1,1,1,1,1,1,8,1,1,1,1,8,1,1,1,8,1,4,4,1,4,1,1,1,1,1,1,1,1,1,1,1,1,1,1,1,1,1,1,1,1,1,1,1,1,1,1,1,1,1,7,5,5,5,5,5,5,5,5,5,5,5,5,5,5,5,5,5,5,5,5,5,5,5,12,5,5,12,5,12,12,12,12,7,8,4,4,1,4,4,1,1,1,4,8,1,1,1,8,8,8,8,8,7,8,8,4,4,1,1,1,1,1,1,1,1,1,7,7,7,7,7,7,7,7,7,7,7,7,7,7,7,7,7,7,7,7,7,7,7,7,7,7,7,7,7,7,7,7,7,7,7,7,7,7,7,7,7,7,7,7,7,7,7,7,7,7,7,7,7,7,7,7,7,7,7,7,7,7,7,7,7,7,7,7,7,7,7,7,7,7,7,7,7,7,7,7,7,7,7,7,5,5,5,5,5,5,5,5,5,5,5,5,5,5,5,5,5,5,5,5,5,5,5,5,5,5,5,5,5,5,5,5,5,5,5,5,5,5,5,5,5,5,5,5,5,5,5,5,5,5,5,5,5,5,5,5,5,5,5,5,5,5,5,5,5,5,5,5,5,5,5,5,5,5,5,5,5,5,5,5,5,5,5,5,5,5,5,5,5,5,5,5,5,5,5,5,5,5
Emoji: slightly_smiling_face
3,3,3,3,3,3,3,3,3,3,3,3,3,3,3,3,3,3,3,3,3,3,3,3,3,3,3,3,3,3,3,3,3,3,3,3,3,3,3,3,3,3,3,3,3,3,3,3,3,3,3,3,3,3,3,3,3,3,3,3,3,3,3,3,3,3,3,3,3,3,3,3,3,3,1,1,1,1,1,1,1,1,1,8,4,4,4,4,3,4,4,4,4,4,4,4,1,4,4,4,1,4,1,4,1,4,1,4,1,1,4,1,1,4,1,1,1,1,1,4,1,1,1,1,1,1,1,1,1,8,1,1,1,1,1,8,1,1,8,1,1,8,1,8,1,8,1,8,1,1,7,8,1,8,8,1,7,8,8,8,1,8,7,8,8,8,8,1,1,1,1,1,1,1,1,1,1,7,7,7,7,7,7,7,7,7,7,7,7,7,7,7,7,7,7,7,7,7,7,7,7,7,7,7,7,7,7,7,7,7,7,7,7,7,7,7,7,7,7,7,7,7,7,7,7,7,7,7,7,7,7,7,7,7,7,7,7,7,7,7,7,7,7,7,7,7,7,7,7,7,7,5,5,5,5,5,5,5,5,5,5,5,5,5,5,5,5,5,5,5,5,5,5,5,5,5,5,5,5,5,5,5,5,5,5,5,5,5,5,5,5,5,5,5,5,5,5,5,5,5,5,5,5,5,5,5,5,5,5,5,5,5,5,5,5,5,5,5,5,5,5,5,5,5,5,5,5,5,5,5,5,5,5,5,5,5,5,5,5,5,5,5,5,5,5,5,5,5,5
Emoji: smile
3,3,3,3,3,3,3,3,3,3,3,3,3,3,3,3,3,3,3,3,3,3,3,3,3,3,3,3,3,3,3,3,3,3,3,3,3,3,3,3,3,3,3,3,3,3,3,3,3,3,3,3,3,3,3,3,3,3,3,3,3,3,3,3,3,3,3,3,3,3,3,3,3,3,1,1,1,1,1,1,1,1,1,8,4,4,4,3,4,4,4,4,4,4,4,4,4,1,4,4,1,4,1,4,1,4,1,4,1,1,4,1,1,4,1,1,1,1,4,1,1,1,1,1,1,1,1,1,1,1,8,1,1,1,1,8,1,1,8,1,1,8,1,8,1,8,1,1,8,1,7,8,1,8,8,1,8,7,8,8,1,8,7,8,1,7,8,7,8,1,1,1,1,1,1,1,1,1,1,7,7,7,7,7,7,7,7,7,7,7,7,7,7,7,7,7,7,7,7,7,7,7,7,7,7,7,7,7,7,7,7,7,7,7,7,7,7,7,7,7,7,7,7,7,7,7,7,7,7,7,7,7,7,7,7,7,7,7,7,7,7,7,7,7,7,7,7,7,7,7,7,7,5,5,5,5,5,5,5,5,5,5,5,5,5,5,5,5,5,5,5,5,5,5,5,5,5,5,5,5,5,5,5,5,5,5,5,5,5,5,5,5,5,5,5,5,5,5,5,5,5,5,5,5,5,5,5,5,5,5,5,5,5,5,5,5,5,5,5,5,5,5,5,5,5,5,5,5,5,5,5,5,5,5,5,5,5,5,5,5,5,5,5,5,5,5,5,5,5,5
Emoji: smiley
3,3,3,3,3,3,3,3,3,3,3,3,3,3,3,3,3,3,3,3,3,3,3,3,3,3,3,3,3,3,3,3,3,3,3,3,3,3,3,3,3,3,3,3,3,3,3,3,3,3,3,3,3,3,3,3,3,3,3,3,3,3,3,3,3,3,3,3,3,3,3,3,3,3,1,1,1,1,1,1,1,1,1,8,4,4,4,3,4,4,4,4,4,4,4,4,4,1,4,4,1,4,1,4,1,4,1,4,1,1,4,1,1,4,1,1,1,1,4,1,1,1,1,1,1,1,1,1,1,1,8,1,1,1,1,8,1,1,8,1,1,8,1,8,1,8,1,1,8,1,7,8,1,8,8,1,8,7,8,8,1,8,7,8,1,7,8,7,8,1,1,1,1,1,1,1,1,1,1,7,7,7,7,7,7,7,7,7,7,7,7,7,7,7,7,7,7,7,7,7,7,7,7,7,7,7,7,7,7,7,7,7,7,7,7,7,7,7,7,7,7,7,7,7,7,7,7,7,7,7,7,7,7,7,7,7,7,7,7,7,7,7,7,7,7,7,7,7,7,7,7,7,5,5,5,5,5,5,5,5,5,5,5,5,5,5,5,5,5,5,5,5,5,5,5,5,5,5,5,5,5,5,5,5,5,5,5,5,5,5,5,5,5,5,5,5,5,5,5,5,5,5,5,5,5,5,5,5,5,5,5,5,5,5,5,5,5,5,5,5,5,5,5,5,5,5,5,5,5,5,5,5,5,5,5,5,5,5,5,5,5,5,5,5,5,5,5,5,5,5
Emoji: smirk
3,3,3,3,3,3,3,3,3,3,3,3,3,3,3,3,3,3,3,3,3,3,3,3,3,3,3,3,3,3,3,3,3,3,3,3,3,3,3,3,3,3,3,3,3,3,3,3,3,3,3,3,3,3,3,3,3,3,3,3,3,3,3,3,3,3,3,3,3,3,3,3,3,3,1,1,1,1,1,1,1,1,1,8,4,4,4,3,4,4,4,4,4,4,4,4,4,1,4,4,1,4,1,4,1,4,1,4,1,1,4,1,1,4,1,1,1,1,4,1,1,1,1,1,1,1,1,1,1,1,8,1,1,1,1,8,1,1,8,1,1,8,1,8,1,8,1,1,8,1,7,8,1,8,8,1,8,7,8,8,1,8,7,8,1,7,8,7,8,1,1,1,1,1,1,1,1,1,1,7,7,7,7,7,7,7,7,7,7,7,7,7,7,7,7,7,7,7,7,7,7,7,7,7,7,7,7,7,7,7,7,7,7,7,7,7,7,7,7,7,7,7,7,7,7,7,7,7,7,7,7,7,7,7,7,7,7,7,7,7,7,7,7,7,7,7,7,7,7,7,7,7,5,5,5,5,5,5,5,5,5,5,5,5,5,5,5,5,5,5,5,5,5,5,5,5,5,5,5,5,5,5,5,5,5,5,5,5,5,5,5,5,5,5,5,5,5,5,5,5,5,5,5,5,5,5,5,5,5,5,5,5,5,5,5,5,5,5,5,5,5,5,5,5,5,5,5,5,5,5,5,5,5,5,5,5,5,5,5,5,5,5,5,5,5,5,5,5,5,5
Emoji: star-struck
3,3,3,3,3,3,3,3,3,3,3,3,3,3,3,3,3,3,3,3,3,3,3,3,3,3,3,3,3,3,3,3,3,3,3,3,3,3,3,3,3,3,3,3,3,3,3,3,3,3,3,3,3,3,3,3,3,3,3,3,3,3,3,3,3,3,3,3,1,1,1,1,1,1,1,1,1,1,1,4,3,4,4,4,4,3,4,4,4,1,4,4,4,4,1,4,1,4,4,1,1,4,1,4,1,1,4,1,1,4,1,1,1,1,1,1,4,1,1,1,1,1,1,8,1,1,1,1,1,8,1,1,1,8,1,1,8,1,8,1,8,1,8,1,8,8,1,8,8,8,8,8,8,8,8,8,8,7,8,8,8,1,1,1,1,1,1,1,1,1,7,7,7,7,7,7,7,7,7,7,7,7,7,7,7,7,7,7,7,7,7,7,7,7,7,7,7,7,7,7,7,7,7,7,7,7,7,7,7,7,7,7,7,7,7,7,7,7,7,7,7,7,7,7,7,7,7,7,7,7,7,7,7,7,7,7,7,5,5,5,5,5,5,5,5,5,5,5,5,5,5,5,5,5,5,5,5,5,5,5,5,5,5,5,5,5,5,5,5,5,5,5,3,1,1,4,1,4,1,4,1,4,4,3,3,8,3,8,7,8,8,7,8,1,1,4,3,4,3,3,3,3,3,4,3,3,3,3,4,3,3,1,1,4,1,1,4,1,1,1,1,4,1,1,4,4,4,8,8,8,5,8,8,5,8,5,8,5,8,5,8,3,3,3,4,3,3,3,3,3,3,3,3,3,3,8,8,5,5,12,12,12,12,12,5,12,12,12,7,5,12,5,8,5,5,8,5,12,5,5,5,5,5,5,8,12,7,8,7,7,8,7,8,7,7,8,7,7,7,12,7,12,12,12,12,12,7,12,12,7,7,7,8,3,3,3,3,4,4,3,4,4,3,4,4,4,3,4,3,8,3,3,8,3,8,3,8,3,3,8,3,3,3,4,4,1,1,8,1,1,1,1,8,1,1,8,1,1,1,4,4,4,1,4,3,8,5,5,8,5,5,5,5,8,5,5,5,5,5,8,5,5,5,5,5,5,5,5,5,5,5,5,5,5,5,5,5,5,5,5,5,12,5,5,5,5,5,5,12,5,5,5,12,5,12,7,8,8,8,8,1,1,1,1,4,1,1,1,4,1,1,1,1,1,1,1,7,7,7,7,12,7,7,12,7,12,7,12,7,7,12,7,8,7,8,8,7,8,8,7,8,8,7,8,7,7,7,12,3,3,3,8,8,8,3,8,8,8,8,3,8,8,4,3,4,3,4,3,3,4,3,4,3,3,8,12,5,5,5,5,5,5,12,5,5,8,5,5,12,8,12,8,8,3,3,8,5,3,8,8,8,8,5,8,12,12,7,7,7,7,7,7,7,7,7,7,7,7,7,7,7,12,5,5,12,12,5,12,5,12,5,12,12,12,12,8,8,8,1,1,1,8,1,1,1,8,1,1,1,8,1,7,7,8,7,7,7,7,7,8,7,7,7,7,8,8,8,4,4,4,3,4,4,3,4,12,7,12,7,7,7,8,1,8,8,1,1,8,8,1,1,7,5,5,5,5,5,5,5,5,5,5,5,5,5,5,5,5,5,5,5,5,5,5,5,5,5,5,5,5,5,5,5,5,5,5
Emoji: sunglasses
3,3,3,3,3,3,3,3,3,3,3,3,3,3,3,3,3,3,3,3,3,3,3,3,3,3,3,3,3,3,3,3,3,3,3,3,3,3,3,3,3,3,3,3,3,3,3,3,3,3,3,3,3,3,3,3,3,3,3,3,3,3,3,3,3,3,3,3,3,3,3,3,3,3,1,1,1,1,1,1,1,1,1,8,4,4,4,3,4,4,4,4,4,4,4,4,4,1,4,4,1,4,1,4,1,4,1,4,1,1,4,1,1,4,1,1,1,1,4,1,1,1,1,1,1,1,1,1,1,1,8,1,1,1,1,8,1,1,8,1,1,8,1,8,1,8,1,1,8,1,7,8,1,8,8,1,8,7,8,8,1,8,7,8,1,7,8,7,8,1,1,1,1,1,1,1,1,1,1,7,7,7,7,7,7,7,7,7,7,7,7,7,7,7,7,7,7,7,7,7,7,7,7,7,7,7,7,7,7,7,7,7,7,7,7,7,7,7,7,7,7,7,7,7,7,7,7,7,7,7,7,7,7,7,7,7,7,7,7,7,7,7,7,7,7,7,7,7,7,7,7,7,5,5,5,5,5,5,5,5,5,5,5,5,5,5,5,5,5,5,5,5,5,5,5,5,5,5,5,5,5,5,5,5,5,5,5,5,5,5,5,5,5,5,5,5,5,5,5,5,5,5,5,5,5,5,5,5,5,5,5,5,5,5,5,5,5,5,5,5,5,5,5,5,5,5,5,5,5,5,5,5,5,5,5,5,5,5,5,5,5,5,5,5,5,5,5,5,5,5
Emoji: sweat_smile
3,3,3,3,3,3,3,3,3,3,3,3,3,3,3,3,3,3,3,3,3,3,3,3,3,3,3,3,3,3,3,3,3,3,3,3,3,3,3,3,3,3,3,3,3,3,3,3,3,3,3,3,3,3,3,3,3,3,3,3,3,3,3,3,3,3,3,3,3,3,3,3,3,3,1,1,1,1,1,1,1,1,1,8,4,4,4,3,4,4,4,4,4,4,4,4,4,1,4,4,1,4,1,4,1,4,1,4,1,1,4,1,1,4,1,1,1,1,4,1,1,1,1,1,1,1,1,1,1,1,8,1,1,1,1,8,1,1,8,1,1,8,1,8,1,8,1,1,8,1,7,8,1,8,8,1,8,7,8,8,1,8,7,8,1,7,8,7,8,1,1,1,1,1,1,1,1,1,1,7,7,7,7,7,7,7,7,7,7,7,7,7,7,7,7,7,7,7,7,7,7,7,7,7,7,7,7,7,7,7,7,7,7,7,7,7,7,7,7,7,7,7,7,7,7,7,7,7,7,7,7,7,7,7,7,7,7,7,7,7,7,7,7,7,7,7,7,7,7,7,7,7,5,5,5,5,5,5,5,5,5,5,5,5,5,5,5,5,5,5,5,5,5,5,5,5,5,5,5,5,5,5,5,5,5,5,5,5,5,5,5,5,5,5,5,5,5,5,5,5,5,5,5,5,5,5,5,5,5,5,5,5,5,5,5,5,5,5,5,5,5,5,5,5,5,5,5,5,5,5,5,5,5,5,5,5,5,5,5,5,5,5,5,5,5,5,5,5,5,5
Emoji: thinking_face
3,3,3,3,3,3,3,3,3,3,3,3,3,3,3,3,3,3,3,3,3,3,3,3,3,3,3,3,3,3,3,3,3,3,3,3,3,3,3,3,3,3,3,3,3,3,3,3,3,3,3,3,3,3,3,3,3,3,3,3,3,3,3,3,3,3,3,3,3,3,3,3,3,1,1,1,1,1,1,1,1,1,8,1,4,3,4,4,4,3,4,4,3,3,3,3,3,3,3,4,8,4,4,3,4,3,1,4,1,4,1,1,1,4,1,1,1,1,1,1,1,1,8,1,1,8,1,1,8,8,1,1,1,4,1,4,1,7,8,1,1,1,1,1,8,1,1,1,1,8,1,8,1,1,8,1,8,1,8,1,8,1,8,8,1,7,8,1,8,8,8,8,8,1,7,7,8,1,12,8,1,1,1,1,1,1,1,1,1,1,1,7,7,7,7,7,7,7,7,7,7,7,7,7,7,7,7,7,7,7,7,7,7,7,7,7,7,7,7,7,7,7,7,7,7,7,7,7,7,7,7,7,7,7,7,7,7,7,7,7,7,7,7,7,7,7,7,7,7,7,7,7,7,7,7,7,7,7,7,7,7,7,7,5,5,5,5,5,5,5,5,5,5,5,5,5,5,5,5,5,5,5,5,5,5,5,5,5,5,5,5,5,5,5,5,5,5,5,5,5,5,5,5,5,5,5,5,5,5,5,5,5,5,5,5,5,5,5,5,5,5,5,5,5,5,5,5,5,5,5,5,5,5,5,5,5,5,5,5,5,5,5,5,5,5,5,5,5,5,5,5,5,5,5,5,5,5,5,5,5,5
Emoji: tired_face
3,3,3,3,3,3,3,3,3,3,3,3,3,3,3,3,3,3,3,3,3,3,3,3,3,3,3,3,3,3,3,3,3,3,3,3,3,3,3,3,3,3,3,3,3,3,3,3,3,3,3,3,3,3,3,3,3,3,3,3,3,3,3,3,3,3,3,3,3,3,3,3,3,3,1,1,1,1,1,1,1,1,1,8,4,4,4,3,4,4,4,4,4,4,4,4,4,1,4,4,1,4,1,4,1,4,1,4,1,1,4,1,1,4,1,1,1,1,4,1,1,1,1,1,1,1,1,1,1,1,8,1,1,1,1,8,1,1,8,1,1,8,1,8,1,8,1,1,8,1,7,8,1,8,8,1,8,7,8,8,1,8,7,8,1,7,8,7,8,1,1,1,1,1,1,1,1,1,1,7,7,7,7,7,7,7,7,7,7,7,7,7,7,7,7,7,7,7,7,7,7,7,7,7,7,7,7,7,7,7,7,7,7,7,7,7,7,7,7,7,7,7,7,7,7,7,7,7,7,7,7,7,7,7,7,7,7,7,7,7,7,7,7,7,7,7,7,7,7,7,7,7,5,5,5,5,5,5,5,5,5,5,5,5,5,5,5,5,5,5,5,5,5,5,5,5,5,5,5,5,5,5,5,5,5,5,5,5,5,5,5,5,5,5,5,5,5,5,5,5,5,5,5,5,5,5,5,5,5,5,5,5,5,5,5,5,5,5,5,5,5,5,5,5,5,5,5,5,5,5,5,5,5,5,5,5,5,5,5,5,5,5,5,5,5,5,5,5,5,5
Emoji: wink
3,3,3,3,3,3,3,3,3,3,3,3,3,3,3,3,3,3,3,3,3,3,3,3,3,3,3,3,3,3,3,3,3,3,3,3,3,3,3,3,3,3,3,3,3,3,3,3,3,3,3,3,3,3,3,3,3,3,3,3,3,3,3,3,3,3,3,3,3,3,3,3,3,3,1,1,1,1,1,1,1,1,1,8,4,4,4,3,4,4,4,4,4,4,4,4,4,1,4,4,1,4,1,4,1,4,1,4,1,1,4,1,1,4,1,1,1,1,4,1,1,1,1,1,1,1,1,1,1,1,8,1,1,1,1,8,1,1,8,1,1,8,1,8,1,8,1,1,8,1,7,8,1,8,8,1,8,7,8,8,1,8,7,8,1,7,8,7,8,1,1,1,1,1,1,1,1,1,1,7,7,7,7,7,7,7,7,7,7,7,7,7,7,7,7,7,7,7,7,7,7,7,7,7,7,7,7,7,7,7,7,7,7,7,7,7,7,7,7,7,7,7,7,7,7,7,7,7,7,7,7,7,7,7,7,7,7,7,7,7,7,7,7,7,7,7,7,7,7,7,7,7,5,5,5,5,5,5,5,5,5,5,5,5,5,5,5,5,5,5,5,5,5,5,5,5,5,5,5,5,5,5,5,5,5,5,5,5,5,5,5,5,5,5,5,5,5,5,5,5,5,5,5,5,5,5,5,5,5,5,5,5,5,5,5,5,5,5,5,5,5,5,5,5,5,5,5,5,5,5,5,5,5,5,5,5,5,5,5,5,5,5,5,5,5,5,5,5,5,5
Emoji: yum
3,3,3,3,3,3,3,3,3,3,3,3,3,3,3,3,3,3,3,3,3,3,3,3,3,3,3,3,3,3,3,3,3,3,3,3,3,3,3,3,3,3,3,3,3,3,3,3,3,3,3,3,3,3,3,3,3,3,3,3,3,3,3,3,3,3,3,3,3,3,3,3,3,3,1,1,1,1,1,1,1,1,1,1,1,4,4,3,4,4,4,4,4,4,4,4,4,1,4,4,1,4,1,4,1,4,1,4,1,1,4,1,1,4,1,1,1,1,4,1,1,1,1,1,1,1,1,1,1,1,8,1,1,1,1,8,1,1,8,1,1,8,1,8,1,8,1,1,8,1,7,8,1,8,8,1,8,7,8,8,1,8,8,1,7,8,8,8,1,1,1,1,1,1,1,1,1,7,7,7,7,7,7,7,7,7,7,7,7,7,7,7,7,7,7,7,7,7,7,7,7,7,7,7,7,7,7,7,7,7,7,7,7,7,7,7,7,7,7,7,7,7,7,7,7,7,7,7,7,7,7,7,7,7,7,7,7,7,7,7,7,7,7,7,7,7,7,7,7,7,7,5,5,5,5,5,5,5,5,5,5,5,5,5,5,5,5,5,5,5,5,5,5,5,5,5,5,5,5,5,5,5,5,5,5,5,5,5,5,5,5,5,5,5,5,5,5,5,5,5,5,5,5,5,5,5,5,5,5,5,5,5,5,5,5,5,5,5,5,5,5,5,5,5,5,5,5,5,5,5,5,5,5,5,5,5,5,5,5,5,5,5,5,5,5,5,5,5,5
Emoji: zipper_mouth_face
3,3,3,3,3,3,3,3,3,3,3,3,3,3,3,3,3,3,3,3,3,3,3,3,3,3,3,3,3,3,3,3,3,3,3,3,3,3,3,3,3,3,3,3,3,3,3,3,3,3,3,3,3,3,3,3,3,3,3,3,3,3,3,3,3,3,3,3,3,3,3,3,3,3,3,3,3,3,3,3,1,1,1,1,1,1,1,7,7,7,7,7,8,1,4,4,4,3,4,4,4,4,4,4,4,1,4,4,4,1,4,1,4,1,4,1,4,1,1,4,1,1,4,1,1,1,1,1,4,1,1,1,1,1,1,1,1,1,1,8,1,1,1,1,8,1,1,8,1,1,8,1,8,1,1,8,1,8,1,8,8,8,1,4,4,4,4,4,1,4,4,1,1,8,1,8,8,1,8,8,8,7,8,8,8,1,5,5,12,12,8,1,1,1,7,7,7,7,7,7,7,7,7,7,7,7,7,7,7,7,7,7,7,7,7,7,7,7,7,7,7,7,7,7,7,7,7,7,7,7,7,7,7,7,7,7,7,7,7,7,7,7,7,7,7,7,7,7,7,7,7,7,7,7,7,7,7,7,7,7,7,7,7,7,7,7,7,7,5,5,5,5,5,5,5,5,5,5,5,5,5,5,5,5,5,5,5,5,5,5,5,5,5,5,5,5,5,5,5,5,5,5,5,5,5,5,5,5,5,1,1,1,4,1,4,1,4,1,4,1,4,1,4,4,4,1,4,4,4,4,4,4,4,4,3,4,4,3,4,4,3,4,3,3,4,3,3,4,3,3,3,3,3,3,4,3,3,3,3,8,3,3,3,3,3,3,3,3,8,3,3,8,3,3,8,3,3,8,8,3,4,4,4,4,3,8,5,12,12,12,12,12,5,12,12,5,5,5,8,8,5,5,3,8,3,8,5,12,8,7,8,7,8,8,1,8,5,5,12,5,5,12,7,7,7,3,8,8,8,3,8,12,7,7,12,7,7,8,5,3,3,3,3,8,3,4,3,1,1,1,1,4,3,3,3,3,3,4,4,3,3,3,3,4,3,3,3,3,8,5,8,8,5,8,5,5,8,5,5,8,5,5,5,8,5,5,5,5,5,5,5,5,5,5,5,5,5,12,5,5,5,12,5,5,12,5,12,5,12,5,12,12,5,12,12,5,12,12,12,12,12,12,7,12,12,12,12,7,12,12,7,7,12,7,12,7,12,7,7,12,7,7,7,7,12,7,7,7,7,7,7,7,7,7,7,7,7,7,7,7,8,7,7,7,8,7,7,8,7,8,7,8,8,7,8,8,7,8,8,8,8,8,8,1,8,8,8,1,8,8,1,8,1,8,1,8,1,1,8,1,1,1,8,1,1,1,1,1,1,1,8,1,1,1,1,1,1,1,1,1,1,1,1,1,1,1,1,1,1,1,1,1,1,1,1,1,1,1,1,1,1,1,1,1,1,1,1,1,1,1,1,1,1,1,1,1,1,1,1,1,1,1,1,7,7,7,5,5,5,5,5,5,5,5,5,5,5,5,5,5,5,5,5,5,5,5,5,5,5,5,5,5,5,5,5,5,5,5,5,5,5,5,5,5,5,5,5,5,5,5,5,5,5,5,5,5,5,5,5,5,5,5,5,5,5,5,5,5,5,5,5,5,5,5,5,5,5,5,5,5,5,5,5,5,5,5,5,5,5,5,5,5,5,5,5,5,5,5,5,5,5,5,5,5
Emoji: blush
3,3,3,3,3,3,3,3,3,3,3,3,3,3,3,3,3,3,3,3,3,3,3,3,3,3,3,3,3,3,3,3,3,3,3,3,3,3,3,3,3,3,3,3,3,3,3,3,1,8,8,4,3,3,3,3,3,3,3,3,3,4,3,3,3,3,4,3,3,4,3,3,4,8,5,5,5,5,5,5,5,3,3,3,3,3,1,1,1,1,1,1,1,1,1,8,4,4,4,3,4,4,4,4,4,4,4,4,4,1,4,4,1,4,1,4,1,4,1,4,1,1,4,1,1,4,1,1,1,1,4,1,1,1,1,1,1,1,1,1,1,1,8,1,1,1,1,8,1,1,8,1,1,8,1,8,1,8,1,1,8,1,7,8,1,8,8,1,8,7,8,8,1,8,7,8,1,7,8,7,8,1,1,1,1,1,1,1,1,1,1,7,7,7,7,7,5,5,5,5,5,5,12,7,8,7,7,7,8,7,7,7,7,8,7,7,7,7,7,7,8,8,1,1,5,5,5,12,8,1,1,1,7,7,7,7,7,7,7,7,7,7,7,7,7,7,7,7,7,7,7,7,7,7,7,7,7,7,7,7,7,7,7,7,7,7,7,7,7,7,7,7,7,7,7,7,7,7,5,5,5,5,5,5,5,5,5,5,5,5,5,5,5,5,5,5,5,5,5,5,5,5,5,5,5,5,5,5,5,5,5,5,5,5,5,5,5,5,5,5,5,5,5,5,5,5,5,5,5,5,5,5,5,5,5,5,5,5,5,5,5,5,5,5,5,5,5,5,5,5,5,5,5,5,5,5,5,5,5,5,5,5,5,5,5,5,5,5,5,5,5,5,5,5,5,5
Emoji: disappointed_relieved
3,3,3,3,3,3,3,3,3,3,3,3,3,3,3,3,3,3,3,3,3,3,3,3,3,3,3,3,3,3,3,3,3,3,3,3,3,3,3,3,3,3,3,3,3,3,3,3,3,3,3,3,3,3,3,3,3,3,3,3,3,3,3,3,3,3,3,3,3,3,3,3,3,3,1,1,1,1,1,1,4,3,3,4,3,4,3,1,1,4,1,4,1,1,1,1,1,1,1,8,1,4,8,8,5,4,1,4,4,1,4,1,4,1,4,1,4,1,1,4,1,1,4,1,1,1,1,4,1,1,1,1,1,1,1,1,1,1,1,8,1,1,1,1,8,1,1,8,1,1,8,1,8,1,8,1,1,8,1,7,8,1,8,8,1,8,7,8,8,1,8,7,8,1,7,8,7,8,1,1,1,1,1,1,1,1,1,1,7,7,7,7,7,7,7,7,7,7,7,7,7,7,7,7,7,7,7,7,7,7,7,7,7,7,7,7,7,7,7,7,7,7,7,7,7,7,7,7,7,7,7,7,7,7,7,7,7,7,7,7,7,7,7,7,7,7,7,7,7,7,7,7,7,7,7,7,7,7,7,7,7,5,5,5,5,5,5,5,5,5,5,5,5,5,5,5,5,5,5,5,5,5,5,5,5,5,5,5,5,5,5,5,5,5,5,5,5,5,5,5,5,5,5,5,5,5,5,5,5,5,5,5,5,5,5,5,5,5,5,5,5,5,5,5,5,5,5,5,5,5,5,5,5,5,5,5,5,5,5,5,5,5,5,5,5,5,5,5,5,5,5,5,5,5,5,5,5,5,5
Emoji: expressionless
3,3,3,3,3,3,3,3,3,3,3,3,3,3,3,3,3,3,3,3,3,3,3,3,3,3,3,3,3,3,3,3,3,3,3,3,3,3,3,3,3,3,3,3,3,3,3,3,3,3,3,3,3,3,3,3,3,3,3,3,3,3,3,3,3,3,3,3,3,3,3,3,3,3,1,1,1,1,1,1,1,1,1,8,4,4,4,3,4,4,4,4,4,4,4,4,4,1,4,4,1,4,1,4,1,4,1,4,1,1,4,1,1,4,1,1,1,1,4,1,1,1,1,1,1,1,1,1,1,1,8,1,1,1,1,8,1,1,8,1,1,8,1,8,1,8,1,1,8,1,7,8,1,8,8,1,8,7,8,8,1,8,7,8,1,7,8,7,8,1,1,1,1,1,1,1,1,1,1,7,7,7,7,7,7,7,7,7,7,7,7,7,7,7,7,7,7,7,7,7,7,7,7,7,7,7,7,7,7,7,7,7,7,7,7,7,7,7,7,7,7,7,7,7,7,7,7,7,7,7,7,7,7,7,7,7,7,7,7,7,7,7,7,7,7,7,7,7,7,7,7,7,5,5,5,5,5,5,5,5,5,5,5,5,5,5,5,5,5,5,5,5,5,5,5,5,5,5,5,5,5,5,5,5,5,5,5,5,5,5,5,5,5,5,5,5,5,5,5,5,5,5,5,5,5,5,5,5,5,5,5,5,5,5,5,5,5,5,5,5,5,5,5,5,5,5,5,5,5,5,5,5,5,5,5,5,5,5,5,5,5,5,5,5,5,5,5,5,5,5
Emoji: face_with_raised_eyebrow
3,3,3,3,3,3,3,3,3,3,3,3,3,3,8,4,3,3,3,3,3,3,8,3,4,3,3,3,3,3,3,3,3,3,3,3,3,3,3,3,3,3,3,3,3,3,3,3,3,3,3,3,3,3,3,3,3,3,3,3,3,3,3,3,3,3,3,3,1,1,1,1,1,4,4,4,4,3,4,4,4,4,4,4,4,1,4,4,1,4,4,1,4,1,4,1,4,1,1,1,4,1,1,4,1,1,1,1,1,4,1,1,1,1,1,1,1,8,1,1,1,1,1,8,1,1,1,8,1,1,8,1,8,1,8,1,8,8,1,8,8,1,8,8,8,8,8,8,8,8,7,8,8,8,8,1,1,1,1,7,7,7,7,7,7,7,7,7,7,7,7,7,7,7,7,7,7,7,7,7,7,7,7,7,7,7,7,7,7,7,7,7,7,7,7,7,7,7,7,7,7,7,7,7,7,7,7,7,7,7,7,7,7,7,7,7,7,7,7,7,7,7,7,7,7,7,5,5,5,5,5,5,5,5,5,5,5,5,5,5,5,5,5,5,5,5,5,5,5,5,5,5,5,5,5,5,5,5,5,5,1,1,1,4,1,4,1,4,1,4,1,4,1,4,4,1,4,4,4,4,4,4,4,4,4,3,4,4,3,4,4,3,3,4,3,4,3,3,4,3,3,3,3,3,3,3,3,3,3,3,3,3,3,3,3,3,3,3,8,3,3,3,8,3,3,8,3,8,3,8,3,8,8,3,8,8,8,3,8,8,8,8,8,8,8,5,8,8,5,8,8,5,8,5,8,5,8,5,5,8,5,5,5,5,8,5,5,5,5,5,5,5,5,5,5,5,12,5,5,5,12,5,5,12,5,5,12,5,12,5,12,12,5,12,12,5,12,12,12,12,12,12,12,7,12,12,12,7,12,7,12,12,7,12,7,7,12,7,7,12,7,7,7,7,12,7,7,7,7,7,7,7,7,7,7,7,7,7,7,7,7,8,7,7,7,8,7,8,7,8,7,8,7,8,8,7,8,8,8,8,8,8,8,8,1,8,8,8,1,8,1,8,1,8,1,8,1,8,1,1,1,5,5,5,5,5,5,5,5,5,5,5,5,5,5,5,5,5,5,5,5,5,5,5,5,5,5,5,5,5,5,5,5,5
Emoji: face_with_rolling_eyes
3,3,3,3,3,3,3,3,3,3,3,3,3,3,3,3,3,3,3,3,3,3,3,3,3,3,3,3,3,3,3,3,3,3,3,3,3,3,3,3,3,3,3,3,3,3,3,3,3,3,3,3,3,3,3,3,3,3,3,3,3,3,3,3,3,3,3,3,3,3,3,3,3,3,1,1,1,1,1,1,1,1,1,8,4,4,4,3,4,4,4,4,4,4,4,4,4,1,4,4,1,4,1,4,1,4,1,4,1,1,4,1,1,4,1,1,1,1,4,1,1,1,1,1,1,1,1,1,1,1,8,1,1,1,1,8,1,1,8,1,1,8,1,8,1,8,1,1,8,1,7,8,1,8,8,1,8,7,8,8,1,8,7,8,1,7,8,7,8,1,1,1,1,1,1,1,1,1,1,7,7,7,7,7,7,7,7,7,7,7,7,7,7,7,7,7,7,7,7,7,7,7,7,7,7,7,7,7,7,7,7,7,7,7,7,7,7,7,7,7,7,7,7,7,7,7,7,7,7,7,7,7,7,7,7,7,7,7,7,7,7,7,7,7,7,7,7,7,7,7,7,7,5,5,5,5,5,5,5,5,5,5,5,5,5,5,5,5,5,5,5,5,5,5,5,5,5,5,5,5,5,5,5,5,5,5,5,5,5,5,5,5,5,5,5,5,5,5,5,5,5,5,5,5,5,5,5,5,5,5,5,5,5,5,5,5,5,5,5,5,5,5,5,5,5,5,5,5,5,5,5,5,5,5,5,5,5,5,5,5,5,5,5,5,5,5,5,5,5,5
Emoji: grin
3,3,3,3,3,3,3,3,3,3,3,3,3,3,3,3,3,3,3,3,3,3,3,3,3,3,3,3,3,3,3,3,3,3,3,3,3,3,3,3,3,3,3,3,3,3,3,3,3,3,3,3,3,3,3,3,3,3,3,3,3,3,3,3,3,3,3,3,3,3,3,3,3,3,1,1,1,1,1,1,1,1,1,8,4,4,4,3,4,4,4,4,4,4,4,4,4,1,4,4,1,4,1,4,1,4,1,4,1,1,4,1,1,4,1,1,1,1,4,1,1,1,1,1,1,1,1,1,1,1,8,1,1,1,1,8,1,1,8,1,1,8,1,8,1,8,1,1,8,1,7,8,1,8,8,1,8,7,8,8,1,8,7,8,1,7,8,7,8,1,1,1,1,1,1,1,1,1,1,7,7,7,7,7,7,7,7,7,7,7,7,7,7,7,7,7,7,7,7,7,7,7,7,7,7,7,7,7,7,7,7,7,7,7,7,7,7,7,7,7,7,7,7,7,7,7,7,7,7,7,7,7,7,7,7,7,7,7,7,7,7,7,7,7,7,7,7,7,7,7,7,7,5,5,5,5,5,5,5,5,5,5,5,5,5,5,5,5,5,5,5,5,5,5,5,5,5,5,5,5,5,5,5,5,5,5,5,5,5,5,5,5,5,5,5,5,5,5,5,5,5,5,5,5,5,5,5,5,5,5,5,5,5,5,5,5,5,5,5,5,5,5,5,5,5,5,5,5,5,5,5,5,5,5,5,5,5,5,5,5,5,5,5,5,5,5,5,5,5,5
Emoji: grinning
3,3,3,3,3,3,3,3,3,3,3,3,3,3,3,3,3,3,3,3,3,3,3,3,3,3,3,3,3,3,3,3,3,3,3,3,3,3,3,3,3,3,3,3,3,3,3,3,3,3,3,3,3,3,3,3,3,3,3,3,3,3,3,3,3,3,3,3,3,3,3,3,3,3,1,1,1,1,1,1,1,1,1,8,4,4,4,3,4,4,4,4,4,4,4,4,4,1,4,4,1,4,1,4,1,4,1,4,1,1,4,1,1,4,1,1,1,1,4,1,1,1,1,1,1,1,1,1,1,1,8,1,1,1,1,8,1,1,8,1,1,8,1,8,1,8,1,1,8,1,7,8,1,8,8,1,8,7,8,8,1,8,7,8,1,7,8,7,8,1,1,1,1,1,1,1,1,1,1,7,7,7,7,7,7,7,7,7,7,7,7,7,7,7,7,7,7,7,7,7,7,7,7,7,7,7,7,7,7,7,7,7,7,7,7,7,7,7,7,7,7,7,7,7,7,7,7,7,7,7,7,7,7,7,7,7,7,7,7,7,7,7,7,7,7,7,7,7,7,7,7,7,5,5,5,5,5,5,5,5,5,5,5,5,5,5,5,5,5,5,5,5,5,5,5,5,5,5,5,5,5,5,5,5,5,5,5,5,5,5,5,5,5,5,5,5,5,5,5,5,5,5,5,5,5,5,5,5,5,5,5,5,5,5,5,5,5,5,5,5,5,5,5,5,5,5,5,5,5,5,5,5,5,5,5,5,5,5,5,5,5,5,5,5,5,5,5,5,5,5
Emoji: heart_eyes
3,3,3,3,3,3,3,3,3,3,3,3,3,3,3,3,3,3,3,3,3,3,3,3,3,3,3,3,3,3,3,3,3,3,3,3,3,3,3,3,3,3,3,3,3,3,3,3,3,3,3,3,3,3,3,3,3,3,3,3,3,3,3,3,3,3,1,1,1,1,1,1,1,1,1,1,1,4,4,4,3,4,4,4,4,4,4,4,4,1,4,4,1,4,4,1,4,1,4,1,1,4,1,1,4,1,1,1,1,4,1,1,1,1,1,1,1,1,1,1,1,1,1,1,8,1,1,1,8,1,1,8,1,1,8,1,8,1,8,1,8,1,8,8,8,1,8,8,8,8,8,8,7,8,8,8,7,8,1,1,1,1,1,1,1,1,1,1,7,7,7,7,7,7,7,7,7,7,7,7,7,7,7,7,7,7,7,7,7,7,7,7,7,7,7,7,7,7,7,7,7,7,7,7,7,7,7,7,7,7,7,7,7,7,7,7,7,7,7,7,7,7,7,7,7,7,7,7,7,7,7,7,5,5,5,5,5,5,5,5,5,5,5,5,5,5,5,5,5,5,5,5,5,5,5,5,5,5,5,5,5,1,4,1,4,4,4,1,4,4,4,4,4,4,4,4,3,4,4,3,4,4,3,4,3,3,4,3,4,3,3,3,3,3,4,3,3,3,3,3,3,3,3,8,3,3,3,3,3,3,3,8,3,3,8,3,3,8,3,8,3,8,3,8,8,3,8,8,8,3,8,8,8,8,8,5,8,8,8,5,8,8,5,8,5,8,5,8,5,8,5,5,5,8,5,5,5,5,5,5,5,5,5,5,5,5,5,5,5,5,12,5,5,5,12,5,12,5,12,5,5,12,12,5,12,12,12,5,12,12,12,12,12,12,12,7,12,12,12,7,12,7,12,7,12,7,12,7,12,7,7,7,12,7,7,7,7,12,7,7,7,7,7,7,7,7,7,7,7,7,7,8,7,7,7,8,7,7,8,7,8,7,8,7,8,8,7,8,8,8,8,8,8,8,8,8,8,1,8,8,1,8,8,1,5,5,5,5,5,5,5,5,5,5,5,5,5,5,5,5,5,5,5,5,5,5,5,5,5,5,5,5,5,5
Emoji: hugging_face
3,3,3,3,3,3,3,3,3,3,3,3,3,3,3,3,3,3,3,3,3,3,3,3,3,3,3,3,3,3,3,3,3,3,3,3,3,3,3,3,3,3,3,3,3,3,3,3,3,3,3,3,3,1,1,8,1,4,3,3,3,3,3,4,3,3,4,3,3,4,3,8,8,5,5,5,5,5,5,3,3,3,3,3,3,3,3,3,3,3,3,3,3,3,3,3,3,3,3,3,3,3,3,3,3,3,3,3,3,3,1,1,1,1,1,1,1,1,1,1,1,1,1,1,1,1,1,1,1,1,1,1,1,1,1,1,1,1,1,1,1,1,1,1,1,1,1,1,1,1,1,1,1,1,1,1,1,1,1,1,1,1,1,1,1,1,1,1,1,1,1,1,1,1,1,1,1,1,1,1,1,1,1,1,1,1,1,1,1,1,1,1,1,1,1,1,1,1,1,1,1,1,1,1,1,1,1,1,1,5,5,5,5,5,5,5,5,5,5,5,5,5,5,5,5,5,5,5,5,5,5,5,5,5,5,5,5,5,5,5,5,5,5,5,5,5,5,5,5,5,5,5,5,5,5,5,5,5,5,5,5,5,5,5,5,12,5,12,5,5,5,12,5,5,5,12,7,7,8,8,1,1,4,1,1,1,1,4,1,1,1,1,1,1,1,1,1,1,1,1,1,1,1,1,8,1,1,1,1,8,4,8,4,4,4,4,4,1,4,1,1,1,1,1,1,1,1,1,1,1,1,1,1,1,1,1,1,1,1,1,1,1,1,1,1,7,7,7,7,7,7,7,7,7,7,7,7,7,7,7,7,7,7,7,7,7,7,7,7,7,7,7,7,7,7,5,5,5,5,5,5,12,7,7,8,7,7,8,7,7,7,8,7,7,8,8,1,1,7,7,7,7,7,7,7,7,7,7,7,7,7,7,7,7,7,7,7,7,7,7,7,7,7,7,7,7,7,7,7,7,7,7,7,7,7,7,7,7,7,7,7,7,7,7,7,7,7,7,7,7,5,5,5,5,5,5,5,5,5,5,5,5,5,5,5,5,5,5,5,5,5,5,5,5,5,5,5,5,5,5,5,5,5,5,5,5,5,5,5,5,5,5,5,5,5,5,5,5,5,5,5,5,5,5,5,5,5,5,5,5,5,5,5,5,5,5,5,5,5,5,5,5,5,5,5,5,5,5,5,5,5,5,5,5,5,5,5,5,5,5,5,5,5,5,5,5,5,5
Emoji: hushed
3,3,3,3,3,3,3,3,3,3,3,3,3,3,3,3,3,3,3,3,3,3,3,3,3,3,3,3,3,3,3,3,3,3,3,3,3,3,3,3,3,3,3,3,3,3,3,3,3,3,3,3,3,3,3,3,3,3,3,3,3,3,3,3,3,3,3,3,3,3,3,3,3,3,1,1,1,1,1,1,1,1,1,8,4,4,4,3,4,4,4,4,4,4,4,4,4,1,4,4,1,4,1,4,1,4,1,4,1,1,4,1,1,4,1,1,1,1,4,1,1,1,1,1,1,1,1,1,1,1,8,1,1,1,1,8,1,1,8,1,1,8,1,8,1,8,1,1,8,1,7,8,1,8,8,1,8,7,8,8,1,8,7,8,1,7,8,7,8,1,1,1,1,1,1,1,1,1,1,7,7,7,7,7,7,7,7,7,7,7,7,7,7,7,7,7,7,7,7,7,7,7,7,7,7,7,7,7,7,7,7,7,7,7,7,7,7,7,7,7,7,7,7,7,7,7,7,7,7,7,7,7,7,7,7,7,7,7,7,7,7,7,7,7,7,7,7,7,7,7,7,7,5,5,5,5,5,5,5,5,5,5,5,5,5,5,5,5,5,5,5,5,5,5,5,5,5,5,5,5,5,5,5,5,5,5,5,5,5,5,5,5,5,5,5,5,5,5,5,5,5,5,5,5,5,5,5,5,5,5,5,5,5,5,5,5,5,5,5,5,5,5,5,5,5,5,5,5,5,5,5,5,5,5,5,5,5,5,5,5,5,5,5,5,5,5,5,5,5,5
Emoji: joy
3,3,3,3,3,3,3,3,3,3,3,3,3,3,3,3,3,3,3,3,3,3,3,3,3,3,3,3,3,3,3,3,3,3,3,3,3,3,3,3,3,3,3,3,3,3,3,3,3,3,3,3,3,3,3,3,3,3,3,3,3,3,3,3,3,3,3,3,3,3,3,3,8,4,4,3,4,4,1,4,1,1,1,1,1,1,4,4,4,4,4,4,4,4,1,4,4,1,4,4,1,4,1,4,1,4,1,1,4,1,1,1,4,1,1,1,1,4,1,1,1,1,1,1,1,1,1,1,8,1,1,1,1,8,1,1,1,8,1,1,8,1,8,1,8,8,1,8,1,8,1,8,1,8,8,8,7,8,8,8,8,1,1,1,1,8,1,1,8,8,8,7,8,1,7,7,7,7,7,7,7,7,7,7,7,7,7,7,7,7,7,7,7,7,7,7,7,7,7,7,7,7,7,7,7,7,7,7,7,7,7,7,7,7,7,7,7,7,7,7,7,7,7,7,7,7,7,7,7,7,7,7,7,7,7,7,7,7,7,7,7,7,7,7,7,5,5,5,5,5,5,5,5,5,5,5,5,5,5,5,5,5,5,5,5,5,5,5,5,5,5,5,5,5,5,5,5,5,5,5,5,5,5,5,5,5,5,5,5,5,5,5,5,5,5,5,5,5,5,5,5,5,5,5,5,5,5,5,5,5,5,5,5,5,5,5,5,5,5,5,5,5,5,5,5,5,5,5,5,5,5,5,5,5,5,5,5,5,5,5,5,5,5
Emoji: kissing
3,3,3,3,3,3,3,3,3,3,3,3,3,3,3,3,3,3,3,3,3,3,3,3,3,3,3,3,3,3,3,3,3,3,3,3,3,3,3,3,3,3,3,3,3,3,3,3,3,3,3,3,3,3,3,3,3,3,3,3,3,3,3,3,3,3,3,3,3,3,3,3,3,3,1,1,1,1,1,1,1,1,1,8,4,4,4,3,4,4,4,4,4,4,4,4,4,1,4,4,1,4,1,4,1,4,1,4,1,1,4,1,1,4,1,1,1,1,4,1,1,1,1,1,1,1,1,1,1,1,8,1,1,1,1,8,1,1,8,1,1,8,1,8,1,8,1,1,8,1,7,8,1,8,8,1,8,7,8,8,1,8,7,8,1,7,8,7,8,1,1,1,1,1,1,1,1,1,1,7,7,7,7,7,7,7,7,7,7,7,7,7,7,7,7,7,7,7,7,7,7,7,7,7,7,7,7,7,7,7,7,7,7,7,7,7,7,7,7,7,7,7,7,7,7,7,7,7,7,7,7,7,7,7,7,7,7,7,7,7,7,7,7,7,7,7,7,7,7,7,7,7,5,5,5,5,5,5,5,5,5,5,5,5,5,5,5,5,5,5,5,5,5,5,5,5,5,5,5,5,5,5,5,5,5,5,5,5,5,5,5,5,5,5,5,5,5,5,5,5,5,5,5,5,5,5,5,5,5,5,5,5,5,5,5,5,5,5,5,5,5,5,5,5,5,5,5,5,5,5,5,5,5,5,5,5,5,5,5,5,5,5,5,5,5,5,5,5,5,5
Emoji: kissing_closed_eyes
3,3,3,3,3,3,3,3,3,3,3,3,3,3,3,3,3,3,3,3,3,3,3,3,3,3,3,3,3,3,3,3,3,3,3,3,3,3,3,3,3,3,3,3,3,3,3,3,3,3,3,3,3,3,3,3,3,3,3,3,3,3,3,3,3,3,3,3,3,3,3,3,3,3,1,1,1,1,1,1,1,1,1,8,4,4,4,3,4,4,4,4,4,4,4,4,4,1,4,4,1,4,1,4,1,4,1,4,1,1,4,1,1,4,1,1,1,1,4,1,1,1,1,1,1,1,1,1,1,1,8,1,1,1,1,8,1,1,8,1,1,8,1,8,1,8,1,1,8,1,7,8,1,8,8,1,8,7,8,8,1,8,7,8,1,7,8,7,8,1,1,1,1,1,1,1,1,1,1,7,7,7,7,7,7,7,7,7,7,7,7,7,7,7,7,7,7,7,7,7,7,7,7,7,7,7,7,7,7,7,7,7,7,7,7,7,7,7,7,7,7,7,7,7,7,7,7,7,7,7,7,7,7,7,7,7,7,7,7,7,7,7,7,7,7,7,7,7,7,7,7,7,5,5,5,5,5,5,5,5,5,5,5,5,5,5,5,5,5,5,5,5,5,5,5,5,5,5,5,5,5,5,5,5,5,5,5,5,5,5,5,5,5,5,5,5,5,5,5,5,5,5,5,5,5,5,5,5,5,5,5,5,5,5,5,5,5,5,5,5,5,5,5,5,5,5,5,5,5,5,5,5,5,5,5,5,5,5,5,5,5,5,5,5,5,5,5,5,5,5
Emoji: kissing_heart
3,3,3,3,3,3,3,3,3,3,3,3,3,3,3,3,3,3,3,3,3,3,3,3,3,3,3,3,3,3,3,3,3,3,3,3,3,3,3,3,3,3,3,3,3,3,3,3,3,3,3,3,3,3,3,3,3,3,3,3,3,3,3,3,3,3,3,3,3,3,3,3,3,3,3,3,3,3,3,3,3,3,3,3,1,1,1,1,1,1,1,1,1,1,7,12,7,12,7,12,7,7,7,8,8,4,3,4,4,4,4,3,4,4,4,4,1,4,4,4,1,4,4,1,4,1,4,1,4,1,1,4,1,1,1,4,1,1,1,1,4,1,1,1,1,1,1,1,1,1,1,8,1,1,1,1,8,1,1,1,8,1,1,8,1,8,1,8,1,8,8,1,8,8,1,1,1,1,1,8,1,8,1,1,1,1,1,1,1,1,1,1,1,1,1,1,1,7,7,7,7,7,7,7,7,7,7,7,7,7,7,7,7,7,7,7,7,7,7,7,7,7,7,7,7,7,7,7,7,7,7,7,7,7,7,7,7,7,7,7,7,7,7,7,7,7,7,7,7,7,7,7,7,7,7,7,7,7,7,7,7,7,7,7,7,7,7,7,7,7,7,7,7,7,7,7,7,7,7,7,5,5,5,5,5,5,5,5,5,5,5,5,5,5,5,5,5,5,5,5,5,5,5,5,5,5,5,5,5,5,5,5,5,5,5,5,5,5,5,5,5,5,5,5,5,5,5,5,5,5,5,5,5,5,5,5,5,5,5,5,5,5,5,5,5,5,5,5,5,5,5,5,5,5,5,5,5,5,5,5,5,5,5,5,5,5,5,5,5,5,5,5,5,5,5,5,5,5
Emoji: kissing_smiling_eyes
3,3,3,3,3,3,3,3,3,3,3,3,3,3,3,3,3,3,3,3,3,3,3,3,3,3,3,3,3,3,3,3,3,3,3,3,3,3,3,3,3,3,3,3,3,3,3,3,3,3,3,3,3,3,3,3,3,3,3,3,3,3,3,3,3,3,1,1,1,1,1,1,1,1,1,1,1,4,4,4,3,4,4,4,4,4,4,4,4,1,4,4,1,4,4,1,4,1,4,1,1,4,1,1,4,1,1,1,1,4,1,1,1,1,1,1,1,1,1,1,1,1,1,1,8,1,1,1,8,1,1,8,1,1,8,1,8,1,8,1,8,1,8,8,8,1,8,8,8,8,8,8,7,8,8,8,8,8,1,1,1,1,1,1,1,1,1,7,7,7,7,7,7,7,7,7,7,7,7,7,7,7,7,7,7,7,7,7,7,7,7,7,7,7,7,7,7,7,7,7,7,7,7,7,7,7,7,7,7,7,7,7,7,7,7,7,7,7,7,7,7,7,7,7,7,7,7,7,7,7,7,5,5,5,5,5,5,5,5,5,5,5,5,5,5,5,5,5,5,5,5,5,5,5,5,5,5,5,5,5,1,4,1,4,4,4,1,4,4,4,4,4,4,4,4,3,4,4,3,4,4,3,4,3,3,4,3,4,3,3,3,3,3,4,3,3,3,3,3,3,3,3,8,3,3,3,3,3,3,3,8,3,3,8,3,3,8,3,8,3,8,3,8,8,3,8,8,8,3,8,8,8,8,8,5,8,8,8,5,8,8,5,8,5,8,5,8,5,8,5,5,5,8,5,5,5,5,5,5,5,5,5,5,5,5,5,5,5,5,12,5,5,5,12,5,12,5,12,5,5,12,12,5,12,12,12,5,12,12,12,12,12,12,12,7,12,12,12,7,12,7,12,7,12,7,12,7,12,7,7,7,12,7,7,7,7,12,7,7,7,7,7,7,7,7,7,7,7,7,7,8,7,7,7,8,7,7,8,7,8,7,8,7,8,8,7,8,8,8,8,8,8,8,8,8,8,1,8,8,1,8,8,1,5,5,5,5,5,5,5,5,5,5,5,5,5,5,5,5,5,5,5,5,5,5,5,5,5,5,5,5,5,5
Emoji: laughing
3,3,3,3,3,3,3,3,3,3,3,3,3,3,3,3,3,3,3,3,3,3,3,3,3,3,3,3,3,3,3,3,3,3,3,3,3,3,3,3,3,3,3,3,3,3,3,3,3,3,3,3,3,3,3,3,3,3,3,3,3,3,3,3,3,3,3,3,3,3,3,3,3,3,1,1,1,1,1,1,1,1,1,8,4,4,4,3,4,4,4,4,4,4,4,4,4,1,4,4,1,4,1,4,1,4,1,4,1,1,4,1,1,4,1,1,1,1,4,1,1,1,1,1,1,1,1,1,1,1,8,1,1,1,1,8,1,1,8,1,1,8,1,8,1,8,1,1,8,1,7,8,1,8,8,1,8,7,8,8,1,8,7,8,1,7,8,7,8,1,1,1,1,1,1,1,1,1,1,7,7,7,7,7,7,7,7,7,7,7,7,7,7,7,7,7,7,7,7,7,7,7,7,7,7,7,7,7,7,7,7,7,7,7,7,7,7,7,7,7,7,7,7,7,7,7,7,7,7,7,7,7,7,7,7,7,7,7,7,7,7,7,7,7,7,7,7,7,7,7,7,7,5,5,5,5,5,5,5,5,5,5,5,5,5,5,5,5,5,5,5,5,5,5,5,5,5,5,5,5,5,5,5,5,5,5,5,5,5,5,5,5,5,5,5,5,5,5,5,5,5,5,5,5,5,5,5,5,5,5,5,5,5,5,5,5,5,5,5,5,5,5,5,5,5,5,5,5,5,5,5,5,5,5,5,5,5,5,5,5,5,5,5,5,5,5,5,5,5,5
Emoji: neutral_face
3,3,3,3,3,3,3,3,3,3,3,3,3,3,3,3,3,3,3,3,3,3,3,3,3,3,3,3,3,3,3,3,3,3,3,3,3,3,3,3,3,3,3,3,3,3,3,3,3,3,3,3,3,3,3,3,3,3,3,3,3,3,3,3,3,3,3,3,3,3,3,3,3,3,1,1,1,1,1,1,1,1,1,8,4,4,4,3,4,4,4,4,4,4,4,4,4,1,4,4,1,4,1,4,1,4,1,4,1,1,4,1,1,4,1,1,1,1,4,1,1,1,1,1,1,1,1,1,1,1,8,1,1,1,1,8,1,1,8,1,1,8,1,8,1,8,1,1,8,1,7,8,1,8,8,1,8,7,8,8,1,8,7,8,1,7,8,7,8,1,1,1,1,1,1,1,1,1,1,7,7,7,7,7,7,7,7,7,7,7,7,7,7,7,7,7,7,7,7,7,7,7,7,7,7,7,7,7,7,7,7,7,7,7,7,7,7,7,7,7,7,7,7,7,7,7,7,7,7,7,7,7,7,7,7,7,7,7,7,7,7,7,7,7,7,7,7,7,7,7,7,7,5,5,5,5,5,5,5,5,5,5,5,5,5,5,5,5,5,5,5,5,5,5,5,5,5,5,5,5,5,5,5,5,5,5,5,5,5,5,5,5,5,5,5,5,5,5,5,5,5,5,5,5,5,5,5,5,5,5,5,5,5,5,5,5,5,5,5,5,5,5,5,5,5,5,5,5,5,5,5,5,5,5,5,5,5,5,5,5,5,5,5,5,5,5,5,5,5,5
Emoji: no_mouth
3,3,3,3,3,3,3,3,3,3,3,3,3,3,3,3,3,3,3,3,3,3,3,3,3,3,3,3,3,3,3,3,3,3,3,3,3,3,3,3,3,3,3,3,3,3,3,3,3,3,3,3,3,3,3,3,3,3,3,3,3,3,3,3,3,3,3,3,3,3,3,3,3,3,1,1,1,1,1,1,1,1,1,8,4,4,4,3,4,4,4,4,4,4,4,4,4,1,4,4,1,4,1,4,1,4,1,4,1,1,4,1,1,4,1,1,1,1,4,1,1,1,1,1,1,1,1,1,1,1,8,1,1,1,1,8,1,1,8,1,1,8,1,8,1,8,1,1,8,1,7,8,1,8,8,1,8,7,8,8,1,8,7,8,1,7,8,7,8,1,1,1,1,1,1,1,1,1,1,7,7,7,7,7,7,7,7,7,7,7,7,7,7,7,7,7,7,7,7,7,7,7,7,7,7,7,7,7,7,7,7,7,7,7,7,7,7,7,7,7,7,7,7,7,7,7,7,7,7,7,7,7,7,7,7,7,7,7,7,7,7,7,7,7,7,7,7,7,7,7,7,7,5,5,5,5,5,5,5,5,5,5,5,5,5,5,5,5,5,5,5,5,5,5,5,5,5,5,5,5,5,5,5,5,5,5,5,5,5,5,5,5,5,5,5,5,5,5,5,5,5,5,5,5,5,5,5,5,5,5,5,5,5,5,5,5,5,5,5,5,5,5,5,5,5,5,5,5,5,5,5,5,5,5,5,5,5,5,5,5,5,5,5,5,5,5,5,5,5,5
Emoji: open_mouth
3,3,3,3,3,3,3,3,3,3,3,3,3,3,3,3,3,3,3,3,3,3,3,3,3,3,3,3,3,3,3,3,3,3,3,3,3,3,3,3,3,3,3,3,3,3,3,3,3,3,3,3,3,3,3,3,3,3,3,3,3,3,3,3,3,3,3,3,3,3,3,3,3,3,1,1,1,1,1,1,1,1,1,8,4,4,4,3,4,4,4,4,4,4,4,4,4,1,4,4,1,4,1,4,1,4,1,4,1,1,4,1,1,4,1,1,1,1,4,1,1,1,1,1,1,1,1,1,1,1,8,1,1,1,1,8,1,1,8,1,1,8,1,8,1,8,1,1,8,1,7,8,1,8,8,1,8,7,8,8,1,8,7,8,1,7,8,7,8,1,1,1,1,1,1,1,1,1,1,7,7,7,7,7,7,7,7,7,7,7,7,7,7,7,7,7,7,7,7,7,7,7,7,7,7,7,7,7,7,7,7,7,7,7,7,7,7,7,7,7,7,7,7,7,7,7,7,7,7,7,7,7,7,7,7,7,7,7,7,7,7,7,7,7,7,7,7,7,7,7,7,7,5,5,5,5,5,5,5,5,5,5,5,5,5,5,5,5,5,5,5,5,5,5,5,5,5,5,5,5,5,5,5,5,5,5,5,5,5,5,5,5,5,5,5,5,5,5,5,5,5,5,5,5,5,5,5,5,5,5,5,5,5,5,5,5,5,5,5,5,5,5,5,5,5,5,5,5,5,5,5,5,5,5,5,5,5,5,5,5,5,5,5,5,5,5,5,5,5,5
Emoji: persevere
3,3,3,3,3,3,3,3,3,3,3,3,3,3,3,3,3,3,3,3,3,3,3,3,3,3,3,3,3,3,3,3,3,3,3,3,3,3,3,3,3,3,3,3,3,3,3,3,3,3,3,3,3,3,3,3,3,3,3,3,3,3,3,3,3,3,3,3,3,3,3,3,3,3,1,1,1,1,1,1,1,1,1,8,4,4,4,3,4,4,4,4,4,4,4,4,4,1,4,4,1,4,1,4,1,4,1,4,1,1,4,1,1,4,1,1,1,1,4,1,1,1,1,1,1,1,1,1,1,1,8,1,1,1,1,8,1,1,8,1,1,8,1,8,1,8,1,1,8,1,7,8,1,8,8,1,8,7,8,8,1,8,7,8,1,7,8,7,8,1,1,1,1,1,1,1,1,1,1,7,7,7,7,7,7,7,7,7,7,7,7,7,7,7,7,7,7,7,7,7,7,7,7,7,7,7,7,7,7,7,7,7,7,7,7,7,7,7,7,7,7,7,7,7,7,7,7,7,7,7,7,7,7,7,7,7,7,7,7,7,7,7,7,7,7,7,7,7,7,7,7,7,5,5,5,5,5,5,5,5,5,5,5,5,5,5,5,5,5,5,5,5,5,5,5,5,5,5,5,5,5,5,5,5,5,5,5,5,5,5,5,5,5,5,5,5,5,5,5,5,5,5,5,5,5,5,5,5,5,5,5,5,5,5,5,5,5,5,5,5,5,5,5,5,5,5,5,5,5,5,5,5,5,5,5,5,5,5,5,5,5,5,5,5,5,5,5,5,5,5
Emoji: relaxed
3,3,3,3,3,3,3,3,3,3,3,3,3,3,3,3,3,3,3,3,3,3,3,3,3,3,3,3,3,3,3,3,3,3,3,3,3,3,3,3,3,3,3,3,3,3,3,3,3,3,3,3,3,3,3,3,3,3,3,3,3,3,3,3,3,3,3,3,3,3,3,3,3,3,1,1,1,1,1,1,1,1,1,8,4,4,4,3,4,4,4,4,4,4,4,4,4,1,4,4,1,4,1,4,1,4,1,4,1,1,4,1,1,4,1,1,1,1,4,1,1,1,1,1,1,1,1,1,1,1,8,1,1,1,1,8,1,1,8,1,1,8,1,8,1,8,1,1,8,1,7,8,1,8,8,1,8,7,8,8,1,8,7,8,1,7,8,7,8,1,1,1,1,1,1,1,1,1,1,7,7,7,7,7,7,7,7,7,7,7,7,7,7,7,7,7,7,7,7,7,7,7,7,7,7,7,7,7,7,7,7,7,7,7,7,7,7,7,7,7,7,7,7,7,7,7,7,7,7,7,7,7,7,7,7,7,7,7,7,7,7,7,7,7,7,7,7,7,7,7,7,7,5,5,5,5,5,5,5,5,5,5,5,5,5,5,5,5,5,5,5,5,5,5,5,5,5,5,5,5,5,5,5,5,5,5,5,5,5,5,5,5,5,5,5,5,5,5,5,5,5,5,5,5,5,5,5,5,5,5,5,5,5,5,5,5,5,5,5,5,5,5,5,5,5,5,5,5,5,5,5,5,5,5,5,5,5,5,5,5,5,5,5,5,5,5,5,5,5,5
