Digit: 0
8,5,8,5,8,3,8,3,8,3,3,8,3,3,3,3,3,3,3,4,3,3,4,3,4,4,4,4,1,1,1,4,1,8,1,1,1,8,8,8,8,7,8,7,7,8,7,7,7,7,7,7,7,12,7,7,12,7,12,7,12,5,12,5,12,5,5,5,5
Digit: 1
8,8,5,8,8,5,3,3,3,3,3,1,8,8,1,4,3,3,3,3,3,3,3,3,3,3,3,3,3,3,3,3,3,1,1,1,1,1,7,7,7,7,7,7,7,7,7,7,7,7,7,7,7,7,7,7,7,7,7,7,7,7,7,5,5,5
Digit: 2
8,5,8,5,8,3,8,8,3,4,1,4,1,8,7,8,8,1,8,1,4,4,4,3,3,3,3,8,8,3,8,8,8,8,8,8,8,8,8,8,8,3,1,1,1,1,1,1,1,1,1,1,1,1,1,1,1,1,1,1,1,7,7,7,7,5,5,5,5,5,5,5,5,12,8,8,1,8,8,8,7,8,8,7,8,7,7,7,7,7,12,7,12,12,12,5,12,5,5,5,5,5
Digit: 3
8,5,5,8,8,3,8,4,1,4,1,8,8,8,1,1,1,4,4,3,3,3,8,8,5,5,3,3,3,1,1,4,4,3,3,3,3,8,8,5,5,5,5,12,12,7,5,5,8,5,8,3,4,4,4,1,4,1,1,4,1,1,8,1,1,1,8,8,8,8,7,8,7,7,7,12,7,12,12,7,8,7,7,8,7,7,12,7,12,12,12,5,12,5,5,5,5
Digit: 4
8,8,3,8,8,3,8,8,3,8,8,3,8,8,3,8,8,3,8,4,1,1,1,1,1,1,1,1,1,1,1,4,3,3,3,3,1,1,1,1,1,7,7,7,7,8,1,1,7,7,7,7,7,5,5,12,7,7,7,7,7,7,7,7,7,7,7,7,7,7,5,5,5,5
Digit: 5
3,3,3,8,3,3,3,3,3,3,8,3,3,8,1,1,1,1,1,1,4,1,4,4,3,3,3,3,8,8,5,5,5,5,12,12,5,5,8,5,3,3,4,4,1,4,1,1,4,1,1,8,1,1,1,8,8,8,8,7,7,8,7,7,12,7,7,12,7,12,5,12,5,5,5,12,5,12,7,8,8,1,1,1,1,1,1,1,7,7,7,7,5,5,5,5,5,5,5,5,5,5,5,5
Digit: 6
8,3,8,8,8,8,8,3,8,8,3,8,3,3,3,3,3,3,3,3,4,3,4,4,1,4,1,1,1,4,1,1,8,1,1,8,1,8,8,7,8,7,7,7,7,7,7,12,7,12,12,12,5,12,5,5,12,8,8,7,8,8,8,8,5,5,5,5,5,5
Digit: 7
3,3,3,4,1,1,1,1,1,1,1,1,1,4,3,8,3,8,3,8,8,3,8,3,8,3,8,8,3,8,3,8,3,8,1,1,1,1,1,1,8,7,8,8,7,8,7,8,7,8,7,8,8,7,8,7,8,7,8,8,7,8,7,8,7,5,5,5,5,5,5,5,5,5,5,5,5,5,5,5,5,5,5,5
Digit: 8
8,5,8,5,8,3,8,3,3,3,4,3,4,4,8,8,8,3,8,3,3,3,3,4,3,4,4,1,4,1,1,1,4,1,8,1,1,1,8,1,8,8,7,8,7,7,7,7,12,7,12,12,12,8,8,7,8,7,7,7,12,7,12,5,12,5,12,5,5,5,5
Digit: 9
8,5,8,8,8,3,8,3,3,3,3,3,3,4,3,4,4,1,4,1,1,1,4,3,8,8,8,8,3,8,8,1,1,1,1,1,1,8,8,8,8,8,7,8,8,8,7,8,7,8,7,7,7,7,7,7,7,7,12,12,12,12,5,5,12,5,5,5,5,5
